a <- 2
b <- 2
c <- 3
d <- 10
a+b+c+d
