a <- 2
b <- 2
c <- 3
d <- 10
e <- 20
a+b+c+d
