a <- 2
b <- 2
c <- 3
d <- 10
e <- 20
f <- 30
a+b+c+d+e+f
